1000
24 8 15
24 60 67
78 21 43
19 23 85
10 22 75
67 68 52
14 59 83
96 28 17
68 88 23
4 47 1
2 57 53
17 75 28
91 35 47
97 16 13
93 24 72
80 65 25
97 10 91
76 5 76
27 65 77
1 95 53
34 78 21
84 79 64
45 62 57
65 89 98
95 44 79
5 85 97
73 41 26
69 96 28
2 59 23
10 33 21
56 43 8
17 46 54
96 46 59
51 57 31
90 77 46
45 24 7
10 55 4
75 83 75
21 81 30
48 100 27
54 84 77
56 35 42
25 76 48
45 83 96
46 71 15
33 29 79
17 26 74
3 40 45
3 19 75
65 88 97
7 72 10
37 29 63
47 52 75
2 98 62
8 61 3
72 83 63
33 18 17
99 60 89
84 70 75
92 82 14
65 46 89
90 98 72
70 59 36
25 69 7
52 90 42
50 27 13
22 45 39
43 81 99
71 59 9
82 97 70
48 86 21
97 70 4
56 22 38
28 53 36
32 27 27
41 67 73
55 82 52
41 85 37
76 41 73
100 1 1
87 22 56
53 80 34
61 89 91
34 72 75
47 8 15
48 46 58
60 52 78
18 95 60
0 99 43
47 25 9
5 47 9
91 86 32
14 12 58
76 70 22
13 64 42
52 71 59
55 99 81
84 74 99
16 66 96
9 76 39
64 25 83
53 97 9
43 24 79
98 85 64
100 66 13
93 54 6
5 66 37
16 53 10
2 32 95
65 39 45
46 25 23
49 47 74
40 79 88
91 54 60
77 67 94
30 15 68
41 88 72
71 8 8
9 67 78
66 68 37
53 70 66
20 11 46
82 45 77
49 22 17
82 77 39
100 98 41
75 37 68
16 97 9
34 72 48
70 15 34
49 43 41
76 27 10
54 8 62
84 90 1
43 30 26
22 20 89
61 11 30
81 58 33
59 75 48
56 92 59
81 45 30
66 30 100
20 46 23
55 48 15
4 79 33
42 4 54
67 77 35
93 21 57
75 69 6
52 33 14
73 67 79
56 61 7
53 100 79
84 48 1
44 71 96
67 56 15
77 65 16
77 89 85
12 100 82
20 41 6
67 83 21
37 33 18
71 86 34
2 96 76
94 73 33
26 57 61
13 62 69
61 12 61
88 55 34
49 86 5
61 34 14
70 42 40
22 34 52
3 96 47
68 23 60
21 63 84
9 78 90
91 47 20
16 88 96
59 89 41
74 24 4
23 36 86
6 33 77
5 5 86
98 83 39
90 47 68
4 99 54
53 46 81
72 53 57
96 23 25
67 60 11
60 5 38
8 20 80
10 72 100
56 80 4
19 67 40
33 60 68
74 35 78
26 7 46
8 92 17
93 8 68
68 88 5
77 61 9
16 66 92
43 72 63
80 32 67
54 84 33
65 69 32
75 68 11
78 28 94
3 83 27
2 72 59
19 77 72
31 9 91
20 14 88
30 64 56
23 89 93
46 13 17
16 81 80
41 35 64
23 34 79
84 63 23
17 81 100
43 99 74
22 97 31
58 99 46
62 90 75
65 77 89
68 82 88
55 71 19
60 2 68
33 69 55
41 48 10
42 58 87
40 29 7
7 38 80
44 52 32
9 100 8
54 70 59
84 18 41
56 65 95
0 39 48
39 85 37
19 71 93
22 75 38
34 27 91
10 33 33
80 94 17
4 17 11
9 67 98
70 93 6
17 8 18
91 88 3
50 42 68
14 58 26
4 64 27
77 75 10
72 36 27
90 48 65
13 55 55
75 23 60
60 98 27
52 79 8
93 73 82
56 91 37
34 74 94
19 38 41
76 82 99
87 70 20
31 11 66
26 63 84
73 4 82
100 37 76
49 34 10
12 71 89
23 35 44
91 10 23
80 60 28
44 35 57
46 100 56
18 28 91
56 6 32
21 28 21
90 16 86
15 28 37
78 22 46
7 78 53
5 36 8
41 20 71
54 13 86
57 71 100
34 38 11
52 56 84
97 44 60
13 9 61
42 8 52
50 22 86
78 28 15
54 86 32
11 78 3
32 81 7
56 82 23
28 9 52
18 89 10
100 97 2
24 26 19
7 21 17
62 17 11
55 77 36
21 1 14
77 28 9
53 48 96
50 22 39
100 74 54
37 13 100
11 32 65
73 7 6
25 93 2
19 7 99
27 69 53
58 36 22
96 23 79
71 35 27
73 81 87
47 32 85
23 8 13
7 68 97
83 81 21
30 65 81
6 53 79
52 91 16
0 27 62
82 24 95
48 39 20
74 27 60
93 40 71
5 92 68
47 66 68
91 96 80
24 89 95
79 91 11
75 56 53
17 2 33
0 10 42
91 77 63
59 78 24
28 44 77
86 67 92
71 81 41
28 100 1
13 82 4
19 59 93
13 42 34
95 23 15
97 44 64
59 30 95
51 66 33
100 45 18
3 82 67
39 68 89
63 47 47
17 79 13
69 74 98
38 18 74
2 64 93
62 67 78
13 17 1
52 69 42
79 31 94
67 67 62
76 78 55
85 93 63
30 60 84
12 65 66
51 16 84
57 59 38
18 18 95
14 46 40
100 26 16
99 95 91
28 75 45
64 85 30
33 44 96
94 41 86
13 28 46
97 40 45
2 94 46
41 12 92
27 56 28
38 31 43
75 96 31
70 88 73
65 70 12
78 12 41
35 97 48
35 16 42
89 74 71
89 80 48
66 75 25
24 29 11
34 92 25
11 45 87
54 36 40
7 13 7
80 5 56
63 74 95
58 86 97
63 93 100
38 86 11
67 14 93
55 83 24
4 45 66
0 42 24
80 2 41
71 28 4
37 3 58
42 93 63
6 36 66
68 47 78
17 55 29
73 93 3
16 74 2
68 85 59
75 79 54
82 35 76
28 62 38
91 74 34
34 64 3
83 39 80
16 10 4
62 18 5
100 87 47
75 18 61
50 20 90
74 86 76
52 27 3
0 57 27
72 82 11
75 28 25
38 96 19
97 18 34
46 13 25
19 15 33
89 84 47
55 93 15
72 21 28
53 28 74
40 9 35
27 6 1
96 10 58
11 97 8
80 25 64
1 74 53
39 72 57
46 54 18
46 74 16
91 10 57
92 3 36
81 14 29
4 99 34
34 66 96
50 36 93
80 66 44
45 58 33
52 72 19
29 2 60
46 83 61
12 24 3
100 47 93
95 61 13
21 6 39
16 46 80
79 4 33
98 28 93
46 100 80
6 68 91
15 90 92
20 62 88
41 85 26
45 39 5
100 60 84
58 16 65
42 12 84
43 9 84
36 17 39
6 45 79
52 44 12
0 32 79
91 83 54
34 29 37
33 6 28
10 34 82
63 97 5
61 29 41
87 37 39
21 89 97
72 68 30
38 87 35
63 73 6
46 38 10
34 16 89
28 16 5
66 17 16
43 54 4
58 27 76
49 35 2
0 20 21
16 11 38
1 12 64
31 80 31
37 77 96
68 31 60
63 42 23
66 69 9
54 12 86
15 74 4
88 17 100
48 52 2
11 83 30
66 25 14
84 79 77
67 43 16
63 75 34
99 99 99
20 18 1
27 5 38
48 69 67
44 60 67
28 12 87
100 68 14
17 31 57
59 31 96
81 79 13
33 34 86
53 3 4
76 45 72
94 20 21
100 61 33
76 47 70
13 45 52
63 4 15
24 24 77
93 62 100
90 58 66
41 87 80
79 87 63
24 98 37
48 48 69
95 82 27
98 42 24
3 66 73
44 95 98
65 83 43
49 78 52
70 91 100
31 37 19
93 81 97
37 43 86
74 13 7
55 94 1
72 15 93
37 54 52
10 86 69
23 100 5
48 64 69
15 70 53
8 58 1
16 39 79
20 46 63
96 95 29
12 39 71
5 47 66
73 91 41
28 14 70
2 9 3
14 72 37
1 73 59
66 90 100
58 12 24
53 5 47
83 53 23
23 21 97
59 98 12
21 17 22
19 32 19
30 5 25
54 69 77
75 9 23
87 66 72
8 78 93
52 23 15
99 97 98
54 28 31
55 58 79
34 29 29
69 77 100
30 64 33
97 40 88
38 8 35
0 89 69
35 8 16
83 83 38
13 21 19
94 29 22
92 38 94
50 58 100
61 53 3
31 40 41
85 73 67
73 35 23
17 37 79
62 44 84
44 7 12
41 97 68
98 13 29
68 6 13
74 76 22
61 30 32
83 62 4
3 89 85
96 44 13
26 2 42
81 53 85
35 43 32
85 96 27
36 86 34
36 61 83
16 43 68
36 60 91
95 53 33
74 83 52
51 46 69
64 81 11
65 34 26
38 4 40
2 47 93
85 84 21
49 2 81
12 85 59
64 70 73
27 39 58
40 31 94
89 41 20
16 15 64
98 6 75
78 84 95
79 48 76
6 54 76
16 58 27
80 80 99
33 20 79
56 30 6
38 18 100
1 69 27
85 13 84
11 99 92
99 41 62
45 39 23
44 4 23
8 13 21
92 100 81
85 68 41
80 78 67
70 67 75
22 28 37
93 85 66
6 90 7
4 92 13
61 95 87
21 61 42
98 96 13
8 7 32
28 11 21
30 57 67
24 57 9
36 98 27
3 8 88
82 70 56
20 39 43
88 7 40
19 95 1
64 16 62
15 100 82
75 63 74
8 3 76
10 87 38
33 58 9
6 57 10
0 20 25
99 3 95
62 48 83
60 68 69
64 88 26
22 88 73
61 63 52
59 22 76
19 57 99
61 85 22
100 84 31
58 58 81
60 81 24
46 59 25
29 42 62
17 52 13
82 86 16
46 60 87
55 3 20
49 18 95
90 70 34
27 97 67
54 98 4
56 48 75
76 86 17
61 38 36
45 3 87
44 88 41
87 93 35
33 12 86
19 80 12
90 69 64
78 100 69
90 76 61
30 41 28
2 36 39
92 40 17
26 20 90
0 44 99
79 6 30
23 58 58
96 97 9
25 43 87
12 59 63
42 25 39
35 29 87
57 58 89
84 93 54
77 97 48
48 100 7
98 31 67
83 77 15
21 57 20
17 24 45
33 55 85
46 69 58
69 11 77
87 20 40
73 100 14
39 43 22
9 3 8
85 85 71
47 71 80
52 36 12
15 48 19
88 17 98
75 36 52
38 68 94
87 37 36
29 90 66
60 86 100
36 22 35
47 66 45
67 3 26
86 75 33
78 23 25
30 9 85
5 74 9
37 21 1
28 95 98
0 30 70
75 33 74
10 28 72
44 68 69
44 26 6
59 75 32
33 84 61
62 46 1
5 21 40
35 72 76
33 17 14
77 18 99
90 78 19
59 43 87
28 43 83
43 47 33
56 84 29
21 99 3
6 97 77
92 4 28
40 58 61
24 84 57
80 33 25
38 42 11
88 93 40
98 100 65
23 17 75
81 64 70
39 5 38
17 53 33
7 54 41
2 48 25
56 83 72
48 16 37
79 67 41
78 56 13
86 23 47
66 15 25
18 82 44
99 26 64
37 2 41
85 86 56
83 41 63
100 6 94
57 53 73
30 83 16
23 7 3
14 89 2
19 25 7
58 90 100
41 54 55
86 92 88
16 12 2
14 81 78
83 98 82
16 48 34
2 93 86
55 80 45
14 30 25
61 88 67
32 47 87
33 56 65
21 84 62
98 57 37
91 63 31
77 21 90
78 3 72
87 28 17
71 75 75
16 79 40
54 53 91
84 63 8
50 95 41
20 71 63
58 18 38
31 3 8
7 84 93
11 5 82
92 7 98
93 37 34
23 65 87
33 70 76
58 85 42
73 66 59
42 33 100
67 94 53
91 77 4
22 54 16
81 30 41
6 26 84
73 44 1
94 13 95
49 42 78
95 21 59
100 9 27
26 91 40
67 43 20
79 12 10
82 56 91
71 52 15
17 63 22
69 25 52
95 59 36
87 81 48
86 89 75
16 20 13
41 32 82
11 92 53
12 7 78
43 19 26
44 52 32
24 64 84
19 13 36
96 100 18
14 33 90
32 67 10
23 68 11
20 98 70
23 24 41
67 45 63
59 8 29
91 61 19
42 67 86
86 7 52
31 57 62
9 72 95
97 87 65
8 64 34
10 32 14
25 55 35
55 4 97
22 15 99
84 32 46
4 38 5
11 72 92
3 53 40
20 28 98
35 57 4
90 24 63
17 89 70
6 27 73
12 55 55
47 74 14
60 87 90
35 99 22
67 54 42
100 23 20
24 66 29
73 29 39
4 11 83
98 22 42
70 72 24
82 79 96
34 67 6
29 94 95
7 13 96
91 2 82
13 69 20
51 34 61
83 56 97
38 92 85
0 65 91
94 62 11
98 38 32
78 92 39
34 68 35
32 94 82
59 83 100
42 93 80
77 41 62
76 85 40
84 5 4
85 33 65
7 52 33
2 100 54
82 47 46
4 87 25
65 42 19
53 76 77
16 81 32
85 16 71
57 48 78
49 60 88
11 45 47
76 9 32
36 54 38
1 23 57
94 11 37
13 66 1
82 32 14
23 70 19
91 86 25
65 77 76
15 19 12
40 67 34
99 92 73
7 52 70
72 98 89
51 37 95
52 58 41
38 36 53
38 15 17
91 2 11
21 66 14
1 90 31
45 12 15
20 60 75
97 24 78
29 37 5
21 53 4
48 77 79
85 7 21
3 98 22
73 5 80
37 87 8
53 52 65
77 83 58
30 44 90
0 55 55
37 59 59
74 98 45
77 46 25
5 4 81
38 6 39
0 34 29
8 59 6
3 38 18
95 22 15
95 24 55
53 61 85
60 34 72
2 35 88
