20
198 81
8 5 7 83495
137 49
48 17 461 137
186 75
68 16 539 186
98 59
6 30 524 98
254 99
1 8 9 74990
714311129 39521
9 5 9 999998192
78 51
3 5 5 51230
977365070 59489
8 5 9 999966210
1000000000 100000
1 1 1 1000000000
46 18
7 11 9 46
220 88
1 8 3 58265
45068754 29153
2 9 5 999904402
249718282 93729
1 5 6 999917908
693840425 90561
2 6 7 999957328
1000000000 100000
1 1 0 2
73 26
5 8 4 54214
640834505 28785
3 9 1 999946125
1000000000 1
12 7 74 12
1000000000 100000
999999999 1 999999999 1000000000
59 26
14 19 681 59
